606207818
606208605
606207866
606208655
606209281
606208288
606208326
606209483
606210303
606209177
606209536
606211126
606209242
606211191
606211654
606211694
606211354
606211396
606211414
606211789
606214656
606218754
606218566
606219956
606220336
606220808
606220447
606221342
606207818
606208605
606207866
606208655
606209281
606208288
606208326
606209483
606210303
606209177
606209536
606209242
606211126
606211191
606211654
606211694
606211354
606211396
606211414
606211789
606214656
606218754
606218566
606219956
606220336
