3545
2518
5119
10641
10837
3304
4215
7923
2923
9130
5969
12132
11214
8341
8154
8215
12588
8669
1058341
12857
800759
12412
800128
14650
800058
1060953
12339
1063433
1060867
1057728
1063022
1061293
1062969
1063197
1060878
1061707
1063007
1063028
1064797
1065470
1062886
1064114
1066113
1066446
1064543
1064785
1066562
1068351
1063052
1068008
1065009
1066350
1064419
1066668
1069390
1071826
1069188
1070554
1069439
1069164
1068356
1067877
1071063
1072500
1069400
1070782
1070213
1070763
1070921
1070793
1074204
1072645
1074603
1076662
1075131
1077607
1078072
1077322
1075959
1080568
1081051
1074108
1075260
1074576
1075872
1077129
1074539
1074767
1078540
1080113
1082386
1309956
1307261
1306562
1312728
1312019
1313303
1309121
1307213
1313831
1311173
1309447
1306229
1311702
1312071
1083075
1306736
1308055
1313496
1316549
1313825
1316369
1317808
1315825
1314833
1314782
1317477
1317690
1315564
1313728
1315801
1316778
1316470
1315539
1314161
1315522
1320591
1323934
1319391
1322819
1317864
1316717
1325442
1316282
1321709
1325022
1323439
1320151
1320747
1317935
1321081
1319386
1319573
1321605
1327568
1328363
1556748
1558535
1329021
1326301
1326200
1327423
1329027
1559301
1323893
1557594
1556832
1557448
1558698
1557440
1558960
1556908
1561264
1562134
1560547
1562059
1563061
1562060
1559611
1559824
1560719
1559845
1561228
1559728
1562954
1561977
1562953
1561326
1563287
1562386
