606193686
606195902
606195907
606193684
606195906
606193783
606193692
606196958
606196816
606197148
606196818
606196006
606193787
606197153
606197653
606193649
606193784
606196634
606197654
606196005
606193647
606196641
606196002
606196633
606195715
606193651
606195714
606195712
606196721
606193648
606193687
606193791
606193626
606193627
606197142
606195908
606195719
606193690
606193789
606193631
606197144
606197154
606195717
606196630
606196640
606197649
606196085
606195433
606197152
606196528
606195910
606196529
606195913
606196971
606195814
606196625
606193598
606195528
606195431
606196813
606193697
606196970
606195432
606196819
606195817
606195437
606195911
606193600
606196629
606195721
606195813
606193644
606196959
606193693
606196727
606196973
606196972
606196011
606193793
606196014
606193797
606196829
606196017
606193799
606196019
606193800
606196020
606193803
606193802
606196831
606196089
606196095
606197656
606197169
606197668
606197671
606197172
606193658
606193661
606193663
606193660
606193664
606193667
606196823
606196824
606196836
606196837
606196857
606195391
606195537
606195538
606196855
606195396
606195539
606196636
606196638
606195827
606195829
606195828
606195545
606195831
606195547
606196730
606196731
606196637
606193699
606196978
606196976
606196979
606193702
606196733
606195925
606196980
606193703
606193706
606196981
606196023
606196022
606196835
606193806
606193807
606196026
606196840
606195392
606193810
606196841
606196030
606196031
606196032
606196843
606193813
606196844
606193814
606197160
606196108
606196110
606197166
606196112
606197056
606197059
606197058
606197060
606197168
606197065
606196861
606196862
606196863
606196877
606196875
606196881
606196865
606197675
606197386
606197388
606197390
606197392
606195380
606196481
606195382
606195383
606196483
606196484
606196485
606195670
606195387
606196488
606195722
606196982
606195928
606195927
606193707
606196738
606196847
606193816
606193817
606196036
606193818
606196038
606193820
606196851
606193821
606197068
606197075
606197067
606196087
606196088
606197071
606197361
606196096
606196097
606196098
606197369
606196104
606197660
606196106
606196105
606196107
606195675
606196491
606197360
606195678
606195395
606195681
606196495
606195682
606195683
606195400
606195401
606195442
606196540
606195441
606195443
606196541
606193512
606195729
606195730
606196740
606193710
606195931
606193712
606196743
606196989
606195936
606196988
606195937
606195938
606195833
606195842
606195856
606196961
606195843
606196964
606196965
606196974
606196977
606196044
606197082
606197088
606197083
606197095
606197105
606197106
606197108
606197125
606197121
606197375
606197128
606197379
606197087
606197085
606197091
606196043
606197093
606197096
606197099
606197103
606197101
606197104
606197355
606197356
606197364
606197365
606195447
606196546
606196547
606195733
606195450
606193517
606195451
606196985
606196993
606196994
606193721
606196995
606193722
606195941
606196752
606195943
606195944
606193726
606196047
606193827
606196048
606197316
606196050
606197317
606196054
606196055
606197380
606197110
606196115
606197383
606197177
606197179
606196118
606197178
606197182
606197183
606197683
606197643
606197645
606197646
606196119
606196122
606196123
606197680
606196126
606196128
606196550
606195453
606195737
606195739
606195738
606193521
606193522
606195456
606196554
606195740
606196999
606196756
606196120
606195948
606197001
606195949
606196758
606197005
606196761
606195177
606195156
606195231
606195158
606195235
606195234
606195163
606195741
606195458
606195743
606195460
606193525
606193529
606193531
606193530
606193733
606196762
606197008
606197009
606195954
606197010
606193736
606195242
606195167
606195245
606195244
606195278
606195282
606195286
606195290
606195293
606196562
606195465
606195749
606195466
606193534
606195467
606193536
606195469
