606211137
606211139
606211145
606211147
606211148
606211159
606211163
606211161
606211171
606212262
606212525
606211172
606212530
606212529
606212537
606212282
606212540
606212283
606211160
606212286
606211894
606212285
606212298
606212278
606212400
606212401
606213354
606211999
606212403
606213358
606213359
606212263
606212408
606212412
606212409
606213006
606213008
606212883
606213985
606213485
606213133
606212885
606213988
606213898
606213220
606213132
606212888
606212884
606213224
606212531
606213490
606211519
606211520
606211521
606211535
606212417
606212419
606212420
606212422
606212423
606213374
606212425
606213376
606213835
606213836
606213838
606213850
606213855
606213854
606213856
606213853
606211448
606212210
606213847
606213845
606212214
606212213
606212215
606212222
606211467
606211461
606212243
606212247
606212259
606212265
606214331
606213300
606214333
606214334
606214335
606212246
606214336
606213660
606212258
606214337
606214340
606214079
606214155
606214418
606213741
606214158
606214421
606214744
606214161
606214162
606213743
606214425
606214163
606213770
606214188
606214453
606214777
606214454
606213772
606213773
606214455
606210600
606210602
606214778
606210632
606210639
606210641
606212002
606212004
606212003
606212007
606210360
606210361
606210366
606210367
606210370
606210373
606210374
606210379
606210397
606210399
606210417
606210419
606210427
606210428
606210436
606210444
606210446
606210447
606210448
606209381
606209440
606209445
606209442
606209452
606209453
606209447
606209457
606209458
606209462
606212096
606209465
606209464
606212097
606212098
606212099
606212111
606212114
606212119
606212120
606210904
606212122
606210906
606210905
606212121
606211667
606211677
606211680
606211690
606211697
606212124
606212125
606211678
606212126
606212134
606212135
606211174
606211175
606211177
606211182
606211196
606211198
606211209
606211212
606211213
606212307
606212308
606211179
606212310
606212311
606211912
606211206
606212312
606211914
606211919
606211917
606211921
606213010
606212416
606211923
606212676
606213016
606213014
606212680
606213018
606213019
606212424
606212683
606213020
606213021
606213902
606212801
606213136
606213137
606212803
606212805
606212808
606212811
606213146
606213914
606212812
606212892
606213225
606213993
606213226
606213995
606213227
606212894
606213228
606213997
606213998
606212436
606212437
606213394
606213805
606213399
606213401
606213448
606213452
606213460
606213875
606213466
606213453
606213889
606213894
606213896
606213999
606212269
606212270
606212272
606212275
606212287
606212290
606212292
606214342
606214080
606213668
606213309
606213310
606213311
606214343
606213312
606214344
606213671
606213314
606214085
606207370
606207375
