606209277
606209262
606209282
606209265
606209263
606209264
606209286
606209287
606209289
606209302
606209288
606209303
606209304
606209305
606209306
606209307
606209308
606209676
606209682
606209677
606209683
606209684
606209689
606209703
606209688
606209704
606209705
606209706
606209707
606209708
606210438
606210435
606210443
606210449
606210636
606210637
606210634
606210779
606210962
606210968
606210786
606210785
606211258
606211259
606211268
606211260
606211271
606211262
606211261
606211348
606211282
606211362
606211363
606211369
606211371
606211368
606211373
606211383
606211367
606211384
606211385
606211387
606211976
606211979
606211392
606211977
606212027
606211981
606212028
606212042
606212047
606212377
606212379
606212149
606212380
606212784
606212977
606212989
606212999
606213001
606213002
606213004
606213201
606213209
606213210
606213285
606213475
606213287
606213477
606213723
606213647
606213725
606213729
606213727
606213754
606213883
606213977
606214053
606214056
606214134
606214139
606214141
606214145
606214168
606214169
606214171
606214172
606214315
606214430
606214433
606214727
606214729
606214752
606214753
606214755
606214756
606221468
606221471
606221470
606221745
606221474
606221755
606221743
606221758
606221759
606221761
606221767
606221782
606221786
606221783
606221790
606221792
606221796
606221805
606221808
606221817
606221806
606221818
606221832
606221833
606221841
606221846
606221860
606221865
606221869
606221872
606221892
606221893
606221886
606221895
606221897
606221896
606221918
606221931
606221898
606221934
606222078
606222080
606222081
606222091
606222092
606222102
606222099
606222095
606222112
606222113
606222116
606222117
606217490
606218822
606222123
606199346
606217085
606195809
606193590
606217932
606201147
606216357
606197140
606217608
606215985
606222055
606215933
606199958
606195807
606221150
606220864
606196791
606195422
606215932
606197212
606216654
606200553
606215079
606221565
606202605
606193588
606221123
606196614
606217438
606197347
606219420
606216031
606220939
606199907
606220030
606218210
606196746
606203003
606219831
606193611
606217560
606217880
606220168
606215029
606219597
606193418
606202266
606216850
606217606
606216125
606221540
606201522
606216849
606196796
606215004
606220713
606215905
606199042
606221449
606215881
606201551
606217514
606218853
606219214
606216579
606217532
606221448
606214980
606195709
606202111
606220169
606221351
606218185
606203026
606195424
606216878
606220738
606215053
606196616
606199043
606220368
606215582
606215108
606202604
606201554
606215931
606216175
606199908
606218184
606222057
606221120
606197350
606220866
606195419
606217613
606196768
606221955
606216526
606202240
606221221
606221622
606221539
606220373
606216407
606217537
606215936
606216032
606197349
606202060
606219712
606217017
606217461
606222051
606217638
606203007
606221175
606215157
606217533
606220741
606221348
606216226
606196523
606197346
606217612
606219240
606219688
606201520
606221296
606219571
606201915
606220519
606219444
606216800
606215003
606195806
606197351
606200552
606220523
606203005
606202245
606215883
606216123
606220492
606220888
606219216
606220521
606221716
606196570
606202243
606197189
606219217
606217488
606199345
606193616
606196521
606220349
606218212
606197641
606220198
606218187
606209263
606209262
606209264
606209265
606221224
606216529
606199344
606196744
606202507
606218322
606218851
606209282
606209287
606209286
606209277
606209288
606209289
606209302
606209303
606209305
606209304
606209307
606209306
606209308
606209676
606209677
