29795700
22309417
26782656
9579599
23758651
29617401
25305939
15095577
25463619
23654550
17060493
26131072
24893490
4886980
29398799
26414172
23117506
14704033
14041653
3143681
7047273
2137543
22590716
27325499
13234993
24025750
14087365
25016499
26836545
28344013
29875665
23472554
14825134
23590463
24322602
29057359
3382426
22102565
13665963
29445582
29621739
22909438
22909438
29435637
25095826
4184758
495025
23741424
4266537
19804286
27324141
25762835
22572767
27125115
22360785
26098641
29138381
7624913
24441294
28036975
18329678
26533429
31966613
28470240
29250805
6178636
25606288
27969517
25554275
25399447
24488491
22623004
13825835
18760601
26778111
28230008
27803055
22105778
23757370
23757370
13158289
24071428
29429327
27692335
29019981
18822471
28254255
28870101
18142373
33820490
23793199
29531402
1126928
19430014
28055038
16865661
13681584
25355367
30593199
24898631
21605054
15978995
9316124
32966644
24969680
29005603
23746413
23671511
22437560
29171858
21987406
19961128
26097247
28693845
28792529
12289618
25396283
144485
29187656
31927763
1104469
26582052
28257148
12550776
28321256
19768255
23384849
29230066
18022451
14701180
14701180
29003231
18130403
22884320
28775255
23304418
27673774
19633797
27759746
21254454
29472677
18354176
16873307
21918181
19491245
29576969
29373120
12956219
24824958
20491711
31259628
6751099
27890903
28007401
31512743
25913784
22035604
27729034
23289064
23882302
23882302
2563049
17028268
26368798
24016519
18058441
1532930
15476679
29061717
19750092
25226837
27044564
12424999
28151522
12056925
17114151
31233966
22974283
28881286
27524159
28522570
33527186
29336595
10079187
16403276
33515259
19832385
21305312
22567941
29251310
20556909
24036873
9020495
20667721
23957365
30933354
21704170
29497078
9951612
19816361
23820337
15541405
15488644
12196177
25863472
29496203
29497513
25791031
23109846
31295353
23940972
25049406
19470040
9335110
917781
4351463
29494811
2734197
3672066
4950537
25466459
25776782
6400204
2101189
3395934
23454544
24406712
19745034
17097036
29498494
15555048
17110782
13666953
23716769
13165304
15239224
22018771
16471222
29497207
26553285
551045
29495093
12526990
3344647
19883110
24800243
26004722
16174593
29497854
24024641
3581436
18000325
3266978
29495702
31851452
26399540
12518746
29495210
18629787
29497484
29497517
1656944
21760037
18821144
19552852
29497118
26482557
29494677
13292768
17563101
12222637
24448024
7684732
26365150
25281646
29501872
18279639
23088611
23980068
25324345
21284658
22757903
29029102
9961398
2121076
20138237
25053109
9122193
22739744
19857790
28973768
19614953
21704677
25119096
17936362
18803609
3546857
3117758
32977067
29444834
23560994
31815738
25231375
23979361
29501638
29063043
28685623
29315374
24073530
29501431
29502925
24825998
4862161
27074319
25553602
27778769
24216096
16093482
16180802
24203816
15417718
26125122
25849358
21181405
25546446
29500030
14886680
33960437
4434021
22319149
29500244
12155695
17733799
26400951
10020754
22608627
15567910
23925060
10008978
24314779
18554887
13547564
29495675
14731332
29499255
12994886
21073421
15051993
15147576
13956650
18599802
9785760
29499680
21616212
29501389
26052222
1015655
2494268
25222510
10088409
25561716
24506838
21358728
13809676
29502765
29491799
19531035
28640688
29503014
9554074
21752981
19367320
15186718
29507990
24794748
29171724
5412366
20757154
26835824
17283497
4253924
18265327
22103165
16083712
3256953
1264360
23240101
26370710
23293445
29504293
13615266
20035615
18612332
23063812
71725
26217655
26395931
20386222
3760290
26361127
14173583
</responseData>
  <responseFile class="java.lang.String"></responseFile>
  <samplerData class="java.lang.String">[Select Statement] select billing_account_num from loyalty_pgm_enrol where rownum &lt; 500
</samplerData>
</sample>
</testResults>